time,x,y,z,phi,theta,psi,x_velocity,y_velocity,z_velocity,phi_velocity,theta_velocity,psi_velocity,rotor_speed1,rotor_speed2,rotor_speed3,rotor_speed4
0.06,4.9970614530997794,3.015602588152374,10.99581680803783,4.000080062514183,3.000159672213144,0.0,-0.09793795310471201,0.5200827921896535,-0.13948327943350344,0.0038779968019267675,0.007513494169854561,0.0,437.59315809981916,438.2180010810588,439.25346536137954,439.5748600953115
0.12000000000000001,4.987681725674229,3.06546534775191,10.985884881556647,3.999927388215797,3.0019653496207983,0.0,-0.21453083153648272,1.1419627355061175,-0.19177537651851376,-0.020236314649454787,0.055812863439229504,0.0,477.3910623458727,481.0619780939174,481.0923706267059,479.2633738410127
0.18,4.9721541386659815,3.1483738504079657,10.969105191325758,3.9989936402713226,3.00534373821295,0.0,-0.30271071582510983,1.621600846371501,-0.367708672505334,-0.0075553265600712,0.057275469063034434,0.0,422.0476852132792,422.176230029099,420.41481516304907,421.5120466359996
0.23999999999999996,4.951248687394281,3.2609304121465112,10.942484672068462,3.9980187523219897,3.0089702226331543,0.0,-0.3937434568391064,2.130241799473295,-0.5199547755072743,-0.04585554036742163,0.06611890546359532,0.0,433.63306190271976,434.37789246696514,435.9701173166424,432.7584281674538
0.3,4.92427140179994,3.4079374017940065,10.910100155417002,3.9947561813800228,3.0130452990049044,0.0,-0.5049140204686026,2.7695934493754324,-0.5598628610467365,-0.08275100211033226,0.07129130286915834,0.0,487.7506580106199,488.1397686358822,487.82715352191303,485.06243377238314
0.36000000000000004,4.890624987835495,3.593918571484036,10.875877240567688,3.990196107238974,3.017202263342444,0.0,-0.6159790765930162,3.42911754572075,-0.5812548771292321,-0.06510382467322709,0.06493067034132548,0.0,497.02917463490905,496.5659062923336,494.8729007394384,496.1660529310026
0.4200000000000001,4.851352349746605,3.813866573131773,10.835450431151948,3.9871015627935478,3.0214759765558323,0.0,-0.6926651081078593,3.902315978472923,-0.7667342468606697,-0.03307619437906104,0.0815238576633709,0.0,420.3903582002706,421.8297798943881,421.41984815051785,424.17692703521664
0.48000000000000015,4.807298680882909,4.0639078662828725,10.785323789462286,3.984944587106799,3.026565832733544,0.0,-0.7751846680712223,4.432198808773419,-0.9048587600356005,-0.04242295472575651,0.0907341031647261,0.0,446.85015705589353,447.6061420266529,446.62890621774255,445.8653621641612
0.5400000000000001,4.758603431462735,4.344515598986312,10.725705356107097,3.9823678185056615,3.032769216555703,0.0,-0.8473525688763109,4.9213062259053055,-1.0831175025949158,-0.04401328279436191,0.12103390978335353,0.0,428.6363405337986,431.2128479308797,429.7843138607068,429.6484144728917
0.6000000000000002,4.7050562450034805,4.659028377421076,10.659341593063589,3.979610325266643,3.04024309922165,0.0,-0.9364940448659936,5.56194622650763,-1.1300864819381886,-0.0501618497170588,0.13082141643662273,0.0,491.8576801539681,492.59438813884435,491.8885229004015,491.4319517271349
0.6600000000000003,4.646497584830522,5.011002049104876,10.589146320699394,3.977018929556708,3.0476611886819516,0.0,-1.0144221881356614,6.170075930318607,-1.2109206305276048,-0.0319988280626239,0.10268127610723515,0.0,482.4195609933487,480.30215062940437,479.3341901153311,480.71157310001195
0.7200000000000003,4.583675919888233,5.397651126881583,10.5122828330027,3.974925620509161,3.0534445971099533,0.0,-1.0788916580428543,6.718040083300322,-1.352428738847788,-0.041403466537943204,0.0792408992119668,0.0,458.4616186653515,456.60268387248755,457.91339001632076,457.16409665689304
0.7800000000000004,4.517316119375082,5.815526331585317,10.42520583935682,3.9719904278211384,3.0581768842461834,0.0,-1.132575819995779,7.211170642046133,-1.5512764258574088,-0.07148719971394718,0.0781225958368079,0.0,434.54889572554697,434.46026264557423,436.2409050380427,433.71951508234054
0.8400000000000004,4.447358269335975,6.267305068450206,10.329913614579924,3.9676148725504685,3.0633378964040148,0.0,-1.198609493011842,7.847538745150417,-1.6266442832960692,-0.07596910901399388,0.09837762878805752,0.0,492.2374406691253,493.7393585380598,493.9245782021675,493.59035224098324
0.9000000000000005,4.373638879464064,6.756772918840695,10.22943582065559,3.9631250900250876,3.0699152832710332,0.0,-1.2578298577367713,8.467588014555945,-1.7242000046468589,-0.07264429336133263,0.12582180173786808,0.0,488.50938716195196,490.56078886468305,487.3104245290696,487.5550696750522
0.9600000000000005,4.296746946043527,7.28136071886458,10.120915398275962,3.958792545163682,3.0770172597381276,0.0,-1.3043763870869036,9.018634948371785,-1.8946329602136378,-0.07135302558493571,0.09612433557119221,0.0,463.3723751548896,461.043099507165,461.23893621049865,461.3371013274731
1.0200000000000005,4.217056618823292,7.840914613452669,10.003648564581415,3.954733194506206,3.0834592259618834,0.0,-1.3511447794717704,9.63288899814801,-2.016122418175816,-0.06113501019998367,0.123561115132111,0.0,487.1158366405562,489.17218749400934,486.2659786712957,487.0278908930347
1.0800000000000005,4.134827701368481,8.43613424311042,9.877619920630009,3.950963047402583,3.090913992571844,0.0,-1.388941064451025,10.207830447932794,-2.186693429405361,-0.06647314379351127,0.1255807466264925,0.0,471.40040486730175,471.5695080052124,472.92487512900146,472.51085079946154
1.1400000000000006,4.050635884804746,9.064003436264624,9.739189773975719,3.9476980766706866,3.0985556868774005,0.0,-1.4166952725206603,10.721695967514137,-2.429352505335915,-0.03736903377615355,0.13070117105560566,0.0,446.13724718529227,446.56991565339143,444.22263554703574,446.6010575132357
1.2000000000000006,3.964884527597486,9.723686384337759,9.586661549174124,3.9455648843332156,3.106973209565524,0.0,-1.440826124638083,11.268271306437542,-2.6569973347380165,-0.03214936971969577,0.15466855630931428,0.0,457.502129358428,459.4240674039774,457.64603058037943,458.0608736033523
1.2600000000000007,3.8779179654210787,10.415170459146827,9.418971248703384,3.9441653363071456,3.1164253490630767,0.0,-1.457184032883222,11.782095928221324,-2.934732222216403,-0.009831358200587175,0.1627222933013249,0.0,441.6115537646408,442.2991288752013,441.4708527659555,443.3088293664965
1.3200000000000007,3.79007704767217,11.139895641706806,9.236329320751027,3.943894950768925,3.1263310203941046,0.0,-1.4697816638295047,12.376012054409756,-3.156031680819873,0.004445381475394059,0.16945505494568736,0.0,472.9967569751682,473.53923748044326,473.33054219566696,474.4282981157049
1.3800000000000008,3.7017953566347237,11.895099210790855,9.034734348503042,3.9442989225635117,3.1365116761248792,0.0,-1.4722548856059041,12.799209468600123,-3.5657153269949875,0.01095482980891257,0.17011837791043047,0.0,394.5717723493537,394.66459487545745,394.4496673950538,395.0504351005291
1.4400000000000008,3.61348608534041,12.680235939197786,8.812187486420468,3.944569304363867,3.1470503297360324,0.0,-1.4703896152076996,13.37311308804144,-3.8554131065233124,-0.013289766680582984,0.18486845134604687,0.0,457.9954858841118,459.1958572374696,458.4695503026002,456.5386742422461
1.5000000000000009,3.525519332020698,13.502413240836745,8.573957913248615,3.944264051937239,3.1578800698185727,0.0,-1.4606339181282202,14.033612704568988,-4.088990906697108,0.007660052464013055,0.16989734058471667,0.0,490.9917950869436,489.90754790929174,489.54888489507647,491.10569677100403
1.560000000000001,3.438272289882877,14.360468187442363,8.31720326562137,3.9446617195972333,3.167695619836284,0.0,-1.446787684151287,14.570018544602005,-4.472413601757305,0.004478877722883341,0.1464049171220401,0.0,436.4622943619032,434.5223162739527,435.48031133396364,435.21394841813236
1.620000000000001,3.3520008141474413,15.250811428659844,8.03657355904085,3.944662422864214,3.176532823598423,0.0,-1.428244861045569,15.110169659453346,-4.884948083297835,-0.01089219614724586,0.14899244973119444,0.0,431.89136309709016,432.1306193628199,431.2416103525428,429.9408676302414
1.680000000000001,3.267022311133509,16.174827741271283,7.731361673129662,3.9437174530958963,3.1853885640227695,0.0,-1.4036485092323876,15.692576392741417,-5.292106870562237,-0.027863757970277764,0.1446484093954042,0.0,443.7895923000065,443.4532390896933,444.0313606270236,442.63652447624617
1.740000000000001,3.183669414353189,17.13434580375062,7.4011224604146,3.9423462355552683,3.19413509368254,0.0,-1.3740795752804849,16.293874770847328,-5.71936208439746,-0.014355096199354444,0.14793690023274006,0.0,444.4530913523538,444.7424717420711,444.34699922788485,445.4533142795151
1.8000000000000012,3.102249274189951,18.13068687321225,7.044726377892046,3.941744309884971,3.202884347080694,0.0,-1.3392208439381683,16.920202486956804,-6.164417586085136,-0.0025478448761702506,0.14121808467284108,0.0,447.9607652117498,447.433611700849,447.69081346069265,448.65090597416355
1.8600000000000012,3.023054595706361,19.16511419574384,6.660748634178824,3.9416566561835324,3.2117181332204936,0.0,-1.299929695847874,17.56370533551862,-6.639122206816662,0.0006290681876644968,0.15713027689603015,0.0,445.83609257462626,447.1547013767185,447.4800420133511,447.7386957596984
1.9200000000000013,2.9463090756790162,20.238296594468526,6.246923829216595,3.9417090838079893,3.2208411779327015,0.0,-1.2575630571453709,18.2124998741011,-7.1595739107925445,0.0013588478316855375,0.13923925397221162,0.0,441.1624811699415,439.7040410181595,439.3522907630142,439.4127934961024
1.9800000000000013,2.8722723362629314,21.35143021457438,5.801212629371348,3.941905826432148,3.2297309318727763,0.0,-1.209692544027668,18.895729442269968,-7.702478291925297,0.006866854894976716,0.16176319345814125,0.0,443.5368584827662,445.403650273496,443.8504369117752,444.3023394168548
2.0400000000000014,2.801270793368165,22.506565274496797,5.322086486061425,3.942158166186301,3.240208591668223,0.0,-1.1562700298346962,19.61292523341585,-8.273922392099037,-0.001733427971983149,0.1924696889795071,0.0,446.6067250489144,449.13326788218336,447.2978052488934,446.5965622840554
2.1000000000000014,2.733701896119545,23.706073985738026,4.807971545330683,3.9418675725225754,3.251519890192913,0.0,-1.0951515579423727,20.375327943492803,-8.869294575477156,-0.011929493925228164,0.17916430864983096,0.0,454.46284378417494,453.4283520093113,454.6134292371678,453.79552144475554
2.1600000000000015,2.6697643518736762,24.95098791563149,4.255590915027296,3.9409689365591376,3.262259871828789,0.0,-1.0353412778221736,21.127451009911592,-9.549596916157093,-0.021901135844373452,0.17866891634881238,0.0,434.16116174967385,434.1513463472159,435.42197047751785,434.5867388540595
2.2200000000000015,2.6101313216493227,26.245495951771407,3.6642775296409598,3.9390562055626575,3.2725815013933097,0.0,-0.9515798781600309,22.028401289351397,-10.168385235974348,-0.07886295777732104,0.15348020993775938,0.0,483.44945026426046,481.5725782871971,482.4630058315943,478.1405777158131
2.2800000000000016,2.555647341572989,27.595077503319214,3.0340977453491558,3.93493793246118,3.2814693230904215,0.0,-0.8638190321447791,22.96468794519216,-10.845211947316376,-0.05354028689693319,0.13441798892654266,0.0,479.4603893786432,478.02811063293547,477.1804340564766,479.1067961082667
2.3400000000000016,2.506788664485376,29.003420519062452,2.3627851481359525,3.931482768034936,3.2890781573830665,0.0,-0.7642097993285842,23.987606417937993,-11.540765075345373,-0.0672372460751903,0.10382868960964234,0.0,493.9679375177108,491.7187221762172,494.7459454227771,493.7341415347566
2.4000000000000017,2.4633338163622,30.4715324841441,1.644688251956587,3.9278254996082804,3.2953787214774852,0.0,-0.6838265410420733,24.959146761205584,-12.40474303114821,-0.05067879346158666,0.10727019940168456,0.0,448.83950951024394,449.12832826607945,446.4267535282648,447.7736137583351
2.4600000000000017,2.4257379312867307,32.00424423539952,0.8771186267361126,3.9243489048134776,3.301804697744659,0.0,-0.5689613271054198,26.140907441135678,-13.192156849158733,-0.07928158379634587,0.10675650721342636,0.0,507.883077109608,507.85471467651337,508.6301160357961,506.57473763137517
2.520000000000002,2.3939037478596092,33.604695861581476,0.05466965009152774,3.919354011561337,3.3083710400942525,0.0,-0.49163934685532296,27.220674125350865,-14.233627216120347,-0.09266926605224875,0.11432261766190892,0.0,432.1361563347996,432.78461780045785,433.32228463526474,432.18898377661174
2.580000000000002,2.3672150782707195,35.274369571983094,0.0,3.9135485978234463,3.3153118285911827,0.0,-0.3973982923866472,28.4499296094906,-15.297942042271705,-0.1065248750869493,0.11826239334647404,0.0,457.4082890492987,457.7335751960436,457.39898181633316,456.2859545282438
